American 8 9 10 11 12 13 14 15 16 17 18 19 20 21 22 23 24 31 32 33 1006 1007 1008 1009 1010
Chinese 38 39 40 41 42 43 44 45 46 47 48 49 70 71 72 73 101 102 103 104 105 106 107 121 122 
French 158 159 160 161 162 163 167 168 169 193 196 198 201 202 203 204 207 208 215 233 234 235 236 237 253 
Indian 352 353 354 355 356 357 358 359 360 361 362 363 388 389 390 391 392 393 410 411 412 413 430 431 432 
Italian 438 439 440 441 442 443 444 445 446 447 448 449 460 461 462 463 464 465 466 467 472 473 474 475 476
Japanese 480 481 482 483 485 486 487 488 489 490 491 492 493 494 495 496 497 498 499 500 501 502 503 504 515 
Korean 1 2 3 4 5 518 519 520 521 522 523 524 525 526 527 990 991 992 993 994 995 996 997 998 1000
Southeast_Asia 528 529 530 531 532 533 534 535 536 1001 1002 1003 940 941 942 943 944 945 946 947 976 977 978 979 980 
Mexican 537 538 539 540 541 542 543 544 545 546 547 548 600 601 602 603 604 605 700 701 702 703 704 705 706
Middle_Eastern 290 296 301 316 342 812 814 816 818 821 823 833 834 837 840 841 843 844 849 850 860 862 865 866 867
Spanish 879 880 881 882 883 884 885 886 887 888 889 890 900 901 902 903 904 905 906 907 920 921 922 923 924